kinematics:
  shoulder:
    x: 0
    y: 0
    z: 0.08903598863180529
    roll: -0
    pitch: 0
    yaw: -4.924572260443794e-05
  upper_arm:
    x: 0.0001632449201848057
    y: 0
    z: 0
    roll: 1.570011121054405
    pitch: 0
    yaw: -5.13303665861109e-05
  forearm:
    x: -0.4253459506352784
    y: 0
    z: 0
    roll: 3.140751771093311
    pitch: 3.140449233930457
    yaw: 3.141514922745476
  wrist_1:
    x: -0.3924036353317069
    y: -0.0001405278038480741
    z: 0.1110540257120312
    roll: 0.00126539968219059
    pitch: 0.001514980672154396
    yaw: -3.083981226084303e-06
  wrist_2:
    x: -2.649392634592758e-05
    y: -0.09483025547650398
    z: 3.274165219121518e-05
    roll: 1.570451060922463
    pitch: 0
    yaw: 1.346801950893872e-06
  wrist_3:
    x: 6.740135660812855e-05
    y: 0.08249114938361631
    z: 6.180240046442867e-05
    roll: 1.571545527034716
    pitch: 3.141592653589793
    yaw: -3.141492179315548
  hash: calib_17770398369171216343